{'sample_img/vid_000105_frame0000037.jpg': [[168.9851531982422, 82.22435760498047, 366.9356994628906, 304.9125671386719]], 

'sample_img/vid_000146_frame0000006.jpg': [[129.89691162109375, 169.53929138183594, 166.7855224609375, 192.07284545898438]], 

'sample_img/vid_000553_frame0000022.jpg': [[155.32669067382812, 152.5650177001953, 277.36883544921875, 231.28192138671875]], 

'sample_img/vid_000146_frame0000013.jpg': [[177.96121215820312, 211.37042236328125, 211.20376586914062, 233.24087524414062]], 

'sample_img/vid_000140_frame0000005.jpg': [[185.13409423828125, 136.89112854003906, 234.65138244628906, 164.5487823486328]], 

'sample_img/vid_000140_frame0000029.jpg': [[182.9282989501953, 108.19471740722656, 318.6238098144531, 179.0413360595703]], 

'sample_img/vid_000140_frame0000015.jpg': [[184.01239013671875, 109.2607421875, 318.98944091796875, 178.46334838867188]], 

'sample_img/vid_000105_frame0000010.jpg': [[207.514892578125, 128.31800842285156, 295.7356872558594, 223.21710205078125]], 

'sample_img/vid_000531_frame0000022.jpg': [[269.74853515625, 147.42788696289062, 308.2206726074219, 219.52218627929688]], 


'sample_img/vid_000553_frame0000017.jpg': [[99.72371673583984, 165.0560302734375, 226.5860595703125, 247.29486083984375]]}